{"titles": ["Bleak House", "Song Of Solomon", "Don Quixote", "Little Women", "Les Miserables", "One Hundred Years Of Solitude", "Tropic Of Cancer", "The Picture Of Dorian Gray", "The Adventures Of Huckleberry Finn", "The Mill On The Floss", "The Lord Of The Rings", "The Portrait Of A Lady", "Ulysses", "Pride And Prejudice", "The Age Of Innocence", "The Call Of The Wild", "Crime And Punishment", "The Wind In The Willows", "The Count Of Monte Cristo", "Moby Dick", "The Trial", "Jane Eyre", "Middlemarch", "Frankenstein", "Dracula", "Great Expectations", "Things Fall Apart", "Wide Sargasso Sea", "The Jungle", "Mrs Dalloway", "Beloved", "The Grapes Of Wrath", "Orlando", "As I Lay Dying", "On The Road", "Catch-22", "To The Lighthouse", "The Great Gatsby", "Lolita", "Madame Bovary", "Brave New World", "Anna Karenina", "Wuthering Heights", "Lord Of The Flies", "The Catcher In The Rye", "To Kill A Mockingbird", "In Cold Blood", "The Scarlet Letter"], "matrix": [[1.0, 0.383, 0.5403, -0.0951, 0.1243, 0.1512, -0.0501, -0.119, -0.3323, -0.4705, 0.0559, -0.2257, -0.2963, -0.1904, -0.1599, -0.0837, -0.3276, -0.1984, -0.6204, -0.5989, -0.6026, 0.4447, 0.6437, 0.2491, 0.3213, 0.2659, 0.2589, 0.2655, 0.1507, 0.369, 0.3682, -0.2554, -0.414, -0.174, -0.0038, 0.1361, 0.0004, 0.1292, 0.114, -0.204, -0.0274, -0.0604, -0.0113, -0.1101, 0.0917, 0.0337, 0.2417, 0.1191], [0.383, 1.0, 0.1982, 0.0926, -0.0996, 0.0368, -0.0667, 0.1596, -0.0972, -0.1438, 0.0461, -0.0797, 0.2378, 0.1651, 0.0079, -0.0571, -0.067, -0.0476, -0.0881, 0.0616, 0.1049, 0.5206, 0.5548, 0.585, 0.5406, 0.4345, 0.3316, 0.352, 0.3898, 0.6369, 0.5149, -0.0925, -0.0211, 0.1836, 0.0096, 0.1433, 0.261, 0.387, 0.3741, 0.3097, 0.3944, 0.4073, 0.4118, 0.0182, 0.3083, 0.248, 0.2409, 0.1319], [0.5403, 0.1982, 1.0, -0.0084, 0.1942, -0.2175, -0.1982, -0.3262, -0.4844, -0.4094, -0.1891, -0.4313, -0.41, -0.3071, -0.4291, -0.5098, -0.595, -0.5821, -0.5503, -0.4064, -0.4854, 0.2577, 0.2656, -0.1629, -0.1304, -0.1221, -0.2228, -0.2161, -0.23, -0.0309, -0.0109, -0.5305, -0.6067, -0.5036, -0.4966, -0.4305, -0.4764, -0.2775, -0.2769, -0.3078, -0.3597, -0.3411, -0.3186, -0.3524, -0.1712, -0.2636, -0.2276, -0.085], [-0.0951, 0.0926, -0.0084, 1.0, 0.6517, -0.2761, -0.4159, -0.1276, -0.416, -0.3039, -0.0549, -0.085, 0.236, 0.217, 0.2832, -0.308, -0.3473, -0.2406, -0.1671, -0.0068, 0.0162, 0.2645, -0.127, 0.213, 0.1692, 0.0915, 0.0883, 0.1868, 0.2991, 0.1592, 0.2673, -0.103, 0.1331, -0.1967, -0.0926, -0.1367, -0.1686, -0.0191, -0.0925, 0.0308, 0.0181, 0.182, 0.0992, -0.271, -0.1409, -0.1068, -0.1362, -0.0371], [0.1243, -0.0996, 0.1942, 0.6517, 1.0, -0.3682, -0.5606, -0.1642, -0.5119, -0.4598, -0.3024, -0.2778, -0.2054, -0.0323, 0.0965, -0.3904, -0.425, -0.3209, -0.3059, -0.3815, -0.4218, 0.1022, -0.0845, -0.0736, -0.0654, -0.0968, -0.0888, 0.0775, 0.0162, -0.0952, 0.1138, -0.1775, -0.0576, -0.4603, -0.0471, -0.2459, -0.3669, -0.3016, -0.3463, -0.3316, -0.3509, -0.2069, -0.2735, -0.3974, -0.4337, -0.2471, -0.3334, -0.1177], [0.1512, 0.0368, -0.2175, -0.2761, -0.3682, 1.0, 0.8927, 0.1075, 0.3267, 0.0973, 0.1246, 0.3336, 0.3179, 0.1413, 0.3878, 0.6071, 0.3463, 0.4753, 0.2144, 0.2826, 0.3612, 0.1178, 0.2858, 0.247, 0.2585, 0.3261, 0.3473, 0.281, 0.2515, 0.2234, 0.1266, 0.3494, 0.3428, 0.5421, 0.3802, 0.5334, 0.4692, 0.444, 0.3721, 0.442, 0.4508, 0.4212, 0.4264, 0.3552, 0.292, 0.2574, 0.6918, 0.4246], [-0.0501, -0.0667, -0.1982, -0.4159, -0.5606, 0.8927, 1.0, 0.0177, 0.4655, 0.1601, 0.0708, 0.2773, 0.2834, 0.0446, 0.2285, 0.4857, 0.3222, 0.3617, 0.3337, 0.3956, 0.4683, -0.0879, 0.0802, 0.0481, 0.0517, 0.1348, 0.1567, 0.0356, 0.1017, 0.0436, -0.0688, 0.2659, 0.2516, 0.4898, 0.1912, 0.3404, 0.3115, 0.3188, 0.3051, 0.3917, 0.3834, 0.2924, 0.2933, 0.4258, 0.3063, 0.2668, 0.5398, 0.3237], [-0.119, 0.1596, -0.3262, -0.1276, -0.1642, 0.1075, 0.0177, 1.0, 0.1306, 0.3049, 0.2668, 0.3281, 0.3325, 0.4187, 0.22, 0.3451, 0.3109, 0.3269, 0.3096, 0.1402, 0.2664, 0.1228, 0.0574, 0.3123, 0.2875, 0.2808, 0.3086, 0.3086, 0.209, 0.2583, 0.2252, 0.4587, 0.3002, 0.2851, 0.3464, 0.3707, 0.3545, 0.3229, 0.2181, 0.2627, 0.2873, 0.2917, 0.3039, 0.119, 0.1389, 0.1672, 0.2588, 0.1488], [-0.3323, -0.0972, -0.4844, -0.416, -0.5119, 0.3267, 0.4655, 0.1306, 1.0, 0.4446, 0.1021, 0.2887, 0.342, 0.2226, 0.1768, 0.5615, 0.765, 0.6612, 0.614, 0.4895, 0.4457, -0.1658, 0.0835, 0.1018, 0.0928, 0.1717, 0.1924, 0.1202, 0.0572, 0.0291, -0.0406, 0.469, 0.4888, 0.6251, 0.511, 0.4228, 0.5135, 0.331, 0.4466, 0.397, 0.4048, 0.3027, 0.2821, 0.5566, 0.4041, 0.3978, 0.2372, 0.3648], [-0.4705, -0.1438, -0.4094, -0.3039, -0.4598, 0.0973, 0.1601, 0.3049, 0.4446, 1.0, 0.3864, 0.4531, 0.2774, 0.2219, 0.139, 0.5569, 0.7023, 0.5215, 0.6154, 0.436, 0.3594, -0.2572, -0.0967, -0.0065, -0.0266, 0.0658, 0.0433, -0.0225, -0.0983, -0.1015, -0.2291, 0.4319, 0.378, 0.4658, 0.3278, 0.3642, 0.4618, 0.2243, 0.1214, 0.3403, 0.1743, 0.2762, 0.2086, 0.2099, 0.0744, 0.1038, 0.1165, 0.088], [0.0559, 0.0461, -0.1891, -0.0549, -0.3024, 0.1246, 0.0708, 0.2668, 0.1021, 0.3864, 1.0, 0.6981, 0.3614, 0.6429, 0.4493, 0.3307, 0.4451, 0.3856, 0.2264, 0.2077, 0.2162, 0.3908, 0.4096, 0.5297, 0.5437, 0.5059, 0.6655, 0.5517, 0.4266, 0.4857, 0.4616, 0.587, 0.4148, 0.5059, 0.5003, 0.6395, 0.6028, 0.6357, 0.5411, 0.4574, 0.555, 0.5054, 0.5078, 0.3302, 0.54, 0.3735, 0.5361, 0.5087], [-0.2257, -0.0797, -0.4313, -0.085, -0.2778, 0.3336, 0.2773, 0.3281, 0.2887, 0.4531, 0.6981, 1.0, 0.4443, 0.629, 0.5059, 0.5123, 0.5352, 0.5344, 0.5107, 0.3957, 0.4647, 0.2172, 0.2246, 0.4048, 0.3897, 0.4234, 0.5546, 0.4888, 0.3525, 0.2867, 0.2714, 0.6655, 0.6316, 0.6139, 0.569, 0.6629, 0.6161, 0.5858, 0.4811, 0.5199, 0.5646, 0.5044, 0.5327, 0.4293, 0.3866, 0.3777, 0.578, 0.522], [-0.2963, 0.2378, -0.41, 0.236, -0.2054, 0.3179, 0.2834, 0.3325, 0.342, 0.2774, 0.3614, 0.4443, 1.0, 0.6518, 0.6517, 0.4247, 0.4822, 0.5709, 0.5555, 0.8027, 0.7889, 0.3306, 0.2199, 0.6698, 0.6326, 0.5805, 0.6386, 0.607, 0.6836, 0.6099, 0.5598, 0.6026, 0.7589, 0.7404, 0.5418, 0.5845, 0.6707, 0.7418, 0.7015, 0.8457, 0.7946, 0.8205, 0.7827, 0.5901, 0.6659, 0.6194, 0.602, 0.6372], [-0.1904, 0.1651, -0.3071, 0.217, -0.0323, 0.1413, 0.0446, 0.4187, 0.2226, 0.2219, 0.6429, 0.629, 0.6518, 1.0, 0.6359, 0.3762, 0.4452, 0.5413, 0.507, 0.4689, 0.5318, 0.4893, 0.3381, 0.6743, 0.6408, 0.6752, 0.7396, 0.7155, 0.6351, 0.5933, 0.631, 0.7843, 0.7608, 0.6069, 0.649, 0.6305, 0.6322, 0.7098, 0.6223, 0.6881, 0.6903, 0.6865, 0.67, 0.4333, 0.581, 0.5395, 0.5274, 0.6687], [-0.1599, 0.0079, -0.4291, 0.2832, 0.0965, 0.3878, 0.2285, 0.22, 0.1768, 0.139, 0.4493, 0.5059, 0.6517, 0.6359, 1.0, 0.3633, 0.4974, 0.5723, 0.4732, 0.435, 0.5145, 0.4456, 0.3582, 0.6439, 0.6488, 0.6021, 0.7319, 0.7541, 0.6403, 0.5432, 0.5965, 0.7058, 0.8162, 0.6372, 0.705, 0.704, 0.6284, 0.6907, 0.6367, 0.6591, 0.684, 0.7143, 0.6828, 0.5164, 0.4895, 0.5739, 0.6423, 0.6909], [-0.0837, -0.0571, -0.5098, -0.308, -0.3904, 0.6071, 0.4857, 0.3451, 0.5615, 0.5569, 0.3307, 0.5123, 0.4247, 0.3762, 0.3633, 1.0, 0.7703, 0.8869, 0.5178, 0.3597, 0.395, 0.0817, 0.2816, 0.2949, 0.2951, 0.4231, 0.4372, 0.3769, 0.238, 0.2144, 0.1201, 0.7031, 0.6163, 0.763, 0.7413, 0.7682, 0.7623, 0.5268, 0.4423, 0.5405, 0.4922, 0.5363, 0.5239, 0.5244, 0.3735, 0.3998, 0.6445, 0.5148], [-0.3276, -0.067, -0.595, -0.3473, -0.425, 0.3463, 0.3222, 0.3109, 0.765, 0.7023, 0.4451, 0.5352, 0.4822, 0.4452, 0.4974, 0.7703, 1.0, 0.9033, 0.7351, 0.539, 0.4988, 0.0544, 0.285, 0.358, 0.3523, 0.4305, 0.4709, 0.4216, 0.2347, 0.2398, 0.1633, 0.7625, 0.7382, 0.8342, 0.8022, 0.7469, 0.8232, 0.5729, 0.5887, 0.6153, 0.5774, 0.5753, 0.5449, 0.6115, 0.4845, 0.505, 0.4757, 0.548], [-0.1984, -0.0476, -0.5821, -0.2406, -0.3209, 0.4753, 0.3617, 0.3269, 0.6612, 0.5215, 0.3856, 0.5344, 0.5709, 0.5413, 0.5723, 0.8869, 0.9033, 1.0, 0.6568, 0.503, 0.5009, 0.1814, 0.3666, 0.4473, 0.4478, 0.5422, 0.589, 0.5575, 0.3755, 0.3468, 0.2916, 0.834, 0.8116, 0.8711, 0.8903, 0.8363, 0.8662, 0.6464, 0.6444, 0.6792, 0.6402, 0.6506, 0.6418, 0.6988, 0.5541, 0.6139, 0.6431, 0.6944], [-0.6204, -0.0881, -0.5503, -0.1671, -0.3059, 0.2144, 0.3337, 0.3096, 0.614, 0.6154, 0.2264, 0.5107, 0.5555, 0.507, 0.4732, 0.5178, 0.7351, 0.6568, 1.0, 0.6948, 0.7569, 0.0319, 0.0185, 0.2853, 0.2456, 0.3895, 0.3337, 0.3046, 0.2504, 0.1749, 0.134, 0.7242, 0.7684, 0.7133, 0.5555, 0.4915, 0.5745, 0.4928, 0.4826, 0.6713, 0.5631, 0.5678, 0.5332, 0.6316, 0.418, 0.5641, 0.3232, 0.4652], [-0.5989, 0.0616, -0.4064, -0.0068, -0.3815, 0.2826, 0.3956, 0.1402, 0.4895, 0.436, 0.2077, 0.3957, 0.8027, 0.4689, 0.435, 0.3597, 0.539, 0.503, 0.6948, 1.0, 0.8682, -0.0082, -0.0364, 0.3511, 0.2943, 0.3303, 0.3157, 0.2621, 0.3924, 0.2828, 0.2008, 0.4636, 0.6769, 0.7123, 0.3513, 0.3435, 0.5246, 0.5131, 0.5177, 0.7859, 0.6211, 0.6239, 0.5501, 0.5137, 0.5302, 0.4217, 0.3739, 0.4355], [-0.6026, 0.1049, -0.4854, 0.0162, -0.4218, 0.3612, 0.4683, 0.2664, 0.4457, 0.3594, 0.2162, 0.4647, 0.7889, 0.5318, 0.5145, 0.395, 0.4988, 0.5009, 0.7569, 0.8682, 1.0, 0.1729, -0.0085, 0.4259, 0.3622, 0.4102, 0.3795, 0.323, 0.4379, 0.3492, 0.2628, 0.5772, 0.7198, 0.7072, 0.3508, 0.396, 0.5318, 0.5669, 0.5466, 0.7922, 0.7144, 0.6962, 0.6974, 0.5631, 0.5416, 0.5014, 0.4664, 0.4557], [0.4447, 0.5206, 0.2577, 0.2645, 0.1022, 0.1178, -0.0879, 0.1228, -0.1658, -0.2572, 0.3908, 0.2172, 0.3306, 0.4893, 0.4456, 0.0817, 0.0544, 0.1814, 0.0319, -0.0082, 0.1729, 1.0, 0.8204, 0.8139, 0.8201, 0.7994, 0.746, 0.7677, 0.5746, 0.8257, 0.8333, 0.3528, 0.3259, 0.3553, 0.3865, 0.5042, 0.4634, 0.6632, 0.6199, 0.5039, 0.6273, 0.6349, 0.6986, 0.293, 0.558, 0.5049, 0.5543, 0.6396], [0.6437, 0.5548, 0.2656, -0.127, -0.0845, 0.2858, 0.0802, 0.0574, 0.0835, -0.0967, 0.4096, 0.2246, 0.2199, 0.3381, 0.3582, 0.2816, 0.285, 0.3666, 0.0185, -0.0364, -0.0085, 0.8204, 1.0, 0.743, 0.7825, 0.7655, 0.7446, 0.7422, 0.4895, 0.776, 0.7359, 0.3392, 0.2693, 0.4838, 0.5383, 0.6466, 0.6109, 0.6927, 0.6974, 0.4702, 0.5933, 0.5642, 0.6072, 0.407, 0.6003, 0.5613, 0.6417, 0.6984], [0.2491, 0.585, -0.1629, 0.213, -0.0736, 0.247, 0.0481, 0.3123, 0.1018, -0.0065, 0.5297, 0.4048, 0.6698, 0.6743, 0.6439, 0.2949, 0.358, 0.4473, 0.2853, 0.3511, 0.4259, 0.8139, 0.743, 1.0, 0.9909, 0.9274, 0.9285, 0.9302, 0.8302, 0.9769, 0.9423, 0.56, 0.6001, 0.675, 0.626, 0.7416, 0.762, 0.9172, 0.8625, 0.7723, 0.8832, 0.8808, 0.8839, 0.4874, 0.7628, 0.6798, 0.7237, 0.7031], [0.3213, 0.5406, -0.1304, 0.1692, -0.0654, 0.2585, 0.0517, 0.2875, 0.0928, -0.0266, 0.5437, 0.3897, 0.6326, 0.6408, 0.6488, 0.2951, 0.3523, 0.4478, 0.2456, 0.2943, 0.3622, 0.8201, 0.7825, 0.9909, 1.0, 0.9334, 0.9488, 0.9498, 0.8279, 0.9795, 0.9565, 0.5583, 0.5757, 0.6587, 0.6468, 0.7637, 0.758, 0.9196, 0.8741, 0.7402, 0.8632, 0.8523, 0.8598, 0.5126, 0.7738, 0.7003, 0.7461, 0.7285], [0.2659, 0.4345, -0.1221, 0.0915, -0.0968, 0.3261, 0.1348, 0.2808, 0.1717, 0.0658, 0.5059, 0.4234, 0.5805, 0.6752, 0.6021, 0.4231, 0.4305, 0.5422, 0.3895, 0.3303, 0.4102, 0.7994, 0.7655, 0.9274, 0.9334, 1.0, 0.9175, 0.9143, 0.7768, 0.9089, 0.8842, 0.6587, 0.6305, 0.7248, 0.6955, 0.7894, 0.7794, 0.9174, 0.8521, 0.7954, 0.8583, 0.8761, 0.8613, 0.5617, 0.7658, 0.7043, 0.7637, 0.7645], [0.2589, 0.3316, -0.2228, 0.0883, -0.0888, 0.3473, 0.1567, 0.3086, 0.1924, 0.0433, 0.6655, 0.5546, 0.6386, 0.7396, 0.7319, 0.4372, 0.4709, 0.589, 0.3337, 0.3157, 0.3795, 0.746, 0.7446, 0.9285, 0.9488, 0.9175, 1.0, 0.9741, 0.8133, 0.8946, 0.9069, 0.7258, 0.6898, 0.7382, 0.7865, 0.8749, 0.8152, 0.9424, 0.8958, 0.7577, 0.8785, 0.8377, 0.8493, 0.6299, 0.8105, 0.757, 0.8295, 0.8427], [0.2655, 0.352, -0.2161, 0.1868, 0.0775, 0.281, 0.0356, 0.3086, 0.1202, -0.0225, 0.5517, 0.4888, 0.607, 0.7155, 0.7541, 0.3769, 0.4216, 0.5575, 0.3046, 0.2621, 0.323, 0.7677, 0.7422, 0.9302, 0.9498, 0.9143, 0.9741, 1.0, 0.8128, 0.8887, 0.9287, 0.6876, 0.6956, 0.6699, 0.7876, 0.8304, 0.7693, 0.8886, 0.8484, 0.7118, 0.8203, 0.81, 0.8176, 0.5638, 0.7236, 0.7227, 0.7639, 0.8115], [0.1507, 0.3898, -0.23, 0.2991, 0.0162, 0.2515, 0.1017, 0.209, 0.0572, -0.0983, 0.4266, 0.3525, 0.6836, 0.6351, 0.6403, 0.238, 0.2347, 0.3755, 0.2504, 0.3924, 0.4379, 0.5746, 0.4895, 0.8302, 0.8279, 0.7768, 0.8133, 0.8128, 1.0, 0.82, 0.8347, 0.5142, 0.5877, 0.5758, 0.541, 0.6103, 0.5992, 0.7862, 0.7436, 0.6823, 0.7724, 0.7701, 0.7564, 0.4842, 0.6922, 0.625, 0.667, 0.6124], [0.369, 0.6369, -0.0309, 0.1592, -0.0952, 0.2234, 0.0436, 0.2583, 0.0291, -0.1015, 0.4857, 0.2867, 0.6099, 0.5933, 0.5432, 0.2144, 0.2398, 0.3468, 0.1749, 0.2828, 0.3492, 0.8257, 0.776, 0.9769, 0.9795, 0.9089, 0.8946, 0.8887, 0.82, 1.0, 0.9569, 0.4579, 0.4689, 0.5969, 0.5278, 0.6629, 0.6834, 0.8832, 0.8431, 0.7175, 0.837, 0.8183, 0.8298, 0.472, 0.7819, 0.677, 0.7093, 0.6726], [0.3682, 0.5149, -0.0109, 0.2673, 0.1138, 0.1266, -0.0688, 0.2252, -0.0406, -0.2291, 0.4616, 0.2714, 0.5598, 0.631, 0.5965, 0.1201, 0.1633, 0.2916, 0.134, 0.2008, 0.2628, 0.8333, 0.7359, 0.9423, 0.9565, 0.8842, 0.9069, 0.9287, 0.8347, 0.9569, 1.0, 0.4787, 0.4938, 0.4995, 0.5579, 0.6228, 0.5898, 0.8209, 0.8, 0.6388, 0.7676, 0.7421, 0.7516, 0.4566, 0.7349, 0.6686, 0.6499, 0.6968], [-0.2554, -0.0925, -0.5305, -0.103, -0.1775, 0.3494, 0.2659, 0.4587, 0.469, 0.4319, 0.587, 0.6655, 0.6026, 0.7843, 0.7058, 0.7031, 0.7625, 0.834, 0.7242, 0.4636, 0.5772, 0.3528, 0.3392, 0.56, 0.5583, 0.6587, 0.7258, 0.6876, 0.5142, 0.4579, 0.4787, 1.0, 0.8782, 0.7945, 0.8778, 0.8297, 0.798, 0.7271, 0.6648, 0.721, 0.714, 0.7052, 0.7126, 0.668, 0.5944, 0.6523, 0.6571, 0.7464], [-0.414, -0.0211, -0.6067, 0.1331, -0.0576, 0.3428, 0.2516, 0.3002, 0.4888, 0.378, 0.4148, 0.6316, 0.7589, 0.7608, 0.8162, 0.6163, 0.7382, 0.8116, 0.7684, 0.6769, 0.7198, 0.3259, 0.2693, 0.6001, 0.5757, 0.6305, 0.6898, 0.6956, 0.5877, 0.4689, 0.4938, 0.8782, 1.0, 0.8307, 0.8391, 0.7602, 0.7818, 0.7219, 0.6874, 0.805, 0.7564, 0.783, 0.7516, 0.6594, 0.5689, 0.6492, 0.604, 0.7389], [-0.174, 0.1836, -0.5036, -0.1967, -0.4603, 0.5421, 0.4898, 0.2851, 0.6251, 0.4658, 0.5059, 0.6139, 0.7404, 0.6069, 0.6372, 0.763, 0.8342, 0.8711, 0.7133, 0.7123, 0.7072, 0.3553, 0.4838, 0.675, 0.6587, 0.7248, 0.7382, 0.6699, 0.5758, 0.5969, 0.4995, 0.7945, 0.8307, 1.0, 0.8096, 0.8644, 0.9358, 0.8623, 0.8416, 0.8975, 0.8854, 0.8616, 0.837, 0.7657, 0.7669, 0.7183, 0.7843, 0.7662], [-0.0038, 0.0096, -0.4966, -0.0926, -0.0471, 0.3802, 0.1912, 0.3464, 0.511, 0.3278, 0.5003, 0.569, 0.5418, 0.649, 0.705, 0.7413, 0.8022, 0.8903, 0.5555, 0.3513, 0.3508, 0.3865, 0.5383, 0.626, 0.6468, 0.6955, 0.7865, 0.7876, 0.541, 0.5278, 0.5579, 0.8778, 0.8391, 0.8096, 1.0, 0.9182, 0.8746, 0.7485, 0.7243, 0.6494, 0.6849, 0.6865, 0.6706, 0.6497, 0.5777, 0.6489, 0.6784, 0.7841], [0.1361, 0.1433, -0.4305, -0.1367, -0.2459, 0.5334, 0.3404, 0.3707, 0.4228, 0.3642, 0.6395, 0.6629, 0.5845, 0.6305, 0.704, 0.7682, 0.7469, 0.8363, 0.4915, 0.3435, 0.396, 0.5042, 0.6466, 0.7416, 0.7637, 0.7894, 0.8749, 0.8304, 0.6103, 0.6629, 0.6228, 0.8297, 0.7602, 0.8644, 0.9182, 1.0, 0.9392, 0.8805, 0.796, 0.7252, 0.7992, 0.7926, 0.7967, 0.6556, 0.6654, 0.677, 0.8423, 0.7935], [0.0004, 0.261, -0.4764, -0.1686, -0.3669, 0.4692, 0.3115, 0.3545, 0.5135, 0.4618, 0.6028, 0.6161, 0.6707, 0.6322, 0.6284, 0.7623, 0.8232, 0.8662, 0.5745, 0.5246, 0.5318, 0.4634, 0.6109, 0.762, 0.758, 0.7794, 0.8152, 0.7693, 0.5992, 0.6834, 0.5898, 0.798, 0.7818, 0.9358, 0.8746, 0.9392, 1.0, 0.8868, 0.8277, 0.8168, 0.8485, 0.849, 0.8472, 0.6428, 0.7136, 0.6627, 0.7746, 0.7434], [0.1292, 0.387, -0.2775, -0.0191, -0.3016, 0.444, 0.3188, 0.3229, 0.331, 0.2243, 0.6357, 0.5858, 0.7418, 0.7098, 0.6907, 0.5268, 0.5729, 0.6464, 0.4928, 0.5131, 0.5669, 0.6632, 0.6927, 0.9172, 0.9196, 0.9174, 0.9424, 0.8886, 0.7862, 0.8832, 0.8209, 0.7271, 0.7219, 0.8623, 0.7485, 0.8805, 0.8868, 1.0, 0.9281, 0.8782, 0.9514, 0.922, 0.914, 0.6821, 0.8475, 0.7697, 0.8562, 0.8168], [0.114, 0.3741, -0.2769, -0.0925, -0.3463, 0.3721, 0.3051, 0.2181, 0.4466, 0.1214, 0.5411, 0.4811, 0.7015, 0.6223, 0.6367, 0.4423, 0.5887, 0.6444, 0.4826, 0.5177, 0.5466, 0.6199, 0.6974, 0.8625, 0.8741, 0.8521, 0.8958, 0.8484, 0.7436, 0.8431, 0.8, 0.6648, 0.6874, 0.8416, 0.7243, 0.796, 0.8277, 0.9281, 1.0, 0.836, 0.9407, 0.8445, 0.8593, 0.8075, 0.9325, 0.8697, 0.8007, 0.8427], [-0.204, 0.3097, -0.3078, 0.0308, -0.3316, 0.442, 0.3917, 0.2627, 0.397, 0.3403, 0.4574, 0.5199, 0.8457, 0.6881, 0.6591, 0.5405, 0.6153, 0.6792, 0.6713, 0.7859, 0.7922, 0.5039, 0.4702, 0.7723, 0.7402, 0.7954, 0.7577, 0.7118, 0.6823, 0.7175, 0.6388, 0.721, 0.805, 0.8975, 0.6494, 0.7252, 0.8168, 0.8782, 0.836, 1.0, 0.9196, 0.9393, 0.9054, 0.6908, 0.7968, 0.7181, 0.7556, 0.7743], [-0.0274, 0.3944, -0.3597, 0.0181, -0.3509, 0.4508, 0.3834, 0.2873, 0.4048, 0.1743, 0.555, 0.5646, 0.7946, 0.6903, 0.684, 0.4922, 0.5774, 0.6402, 0.5631, 0.6211, 0.7144, 0.6273, 0.5933, 0.8832, 0.8632, 0.8583, 0.8785, 0.8203, 0.7724, 0.837, 0.7676, 0.714, 0.7564, 0.8854, 0.6849, 0.7992, 0.8485, 0.9514, 0.9407, 0.9196, 1.0, 0.9413, 0.9499, 0.7333, 0.882, 0.7964, 0.8259, 0.7969], [-0.0604, 0.4073, -0.3411, 0.182, -0.2069, 0.4212, 0.2924, 0.2917, 0.3027, 0.2762, 0.5054, 0.5044, 0.8205, 0.6865, 0.7143, 0.5363, 0.5753, 0.6506, 0.5678, 0.6239, 0.6962, 0.6349, 0.5642, 0.8808, 0.8523, 0.8761, 0.8377, 0.81, 0.7701, 0.8183, 0.7421, 0.7052, 0.783, 0.8616, 0.6865, 0.7926, 0.849, 0.922, 0.8445, 0.9393, 0.9413, 1.0, 0.9564, 0.6102, 0.755, 0.6974, 0.7815, 0.7433], [-0.0113, 0.4118, -0.3186, 0.0992, -0.2735, 0.4264, 0.2933, 0.3039, 0.2821, 0.2086, 0.5078, 0.5327, 0.7827, 0.67, 0.6828, 0.5239, 0.5449, 0.6418, 0.5332, 0.5501, 0.6974, 0.6986, 0.6072, 0.8839, 0.8598, 0.8613, 0.8493, 0.8176, 0.7564, 0.8298, 0.7516, 0.7126, 0.7516, 0.837, 0.6706, 0.7967, 0.8472, 0.914, 0.8593, 0.9054, 0.9499, 0.9564, 1.0, 0.6474, 0.7838, 0.7371, 0.8036, 0.7681], [-0.1101, 0.0182, -0.3524, -0.271, -0.3974, 0.3552, 0.4258, 0.119, 0.5566, 0.2099, 0.3302, 0.4293, 0.5901, 0.4333, 0.5164, 0.5244, 0.6115, 0.6988, 0.6316, 0.5137, 0.5631, 0.293, 0.407, 0.4874, 0.5126, 0.5617, 0.6299, 0.5638, 0.4842, 0.472, 0.4566, 0.668, 0.6594, 0.7657, 0.6497, 0.6556, 0.6428, 0.6821, 0.8075, 0.6908, 0.7333, 0.6102, 0.6474, 1.0, 0.825, 0.9284, 0.681, 0.783], [0.0917, 0.3083, -0.1712, -0.1409, -0.4337, 0.292, 0.3063, 0.1389, 0.4041, 0.0744, 0.54, 0.3866, 0.6659, 0.581, 0.4895, 0.3735, 0.4845, 0.5541, 0.418, 0.5302, 0.5416, 0.558, 0.6003, 0.7628, 0.7738, 0.7658, 0.8105, 0.7236, 0.6922, 0.7819, 0.7349, 0.5944, 0.5689, 0.7669, 0.5777, 0.6654, 0.7136, 0.8475, 0.9325, 0.7968, 0.882, 0.755, 0.7838, 0.825, 1.0, 0.862, 0.7439, 0.7957], [0.0337, 0.248, -0.2636, -0.1068, -0.2471, 0.2574, 0.2668, 0.1672, 0.3978, 0.1038, 0.3735, 0.3777, 0.6194, 0.5395, 0.5739, 0.3998, 0.505, 0.6139, 0.5641, 0.4217, 0.5014, 0.5049, 0.5613, 0.6798, 0.7003, 0.7043, 0.757, 0.7227, 0.625, 0.677, 0.6686, 0.6523, 0.6492, 0.7183, 0.6489, 0.677, 0.6627, 0.7697, 0.8697, 0.7181, 0.7964, 0.6974, 0.7371, 0.9284, 0.862, 1.0, 0.6821, 0.8154], [0.2417, 0.2409, -0.2276, -0.1362, -0.3334, 0.6918, 0.5398, 0.2588, 0.2372, 0.1165, 0.5361, 0.578, 0.602, 0.5274, 0.6423, 0.6445, 0.4757, 0.6431, 0.3232, 0.3739, 0.4664, 0.5543, 0.6417, 0.7237, 0.7461, 0.7637, 0.8295, 0.7639, 0.667, 0.7093, 0.6499, 0.6571, 0.604, 0.7843, 0.6784, 0.8423, 0.7746, 0.8562, 0.8007, 0.7556, 0.8259, 0.7815, 0.8036, 0.681, 0.7439, 0.6821, 1.0, 0.797], [0.1191, 0.1319, -0.085, -0.0371, -0.1177, 0.4246, 0.3237, 0.1488, 0.3648, 0.088, 0.5087, 0.522, 0.6372, 0.6687, 0.6909, 0.5148, 0.548, 0.6944, 0.4652, 0.4355, 0.4557, 0.6396, 0.6984, 0.7031, 0.7285, 0.7645, 0.8427, 0.8115, 0.6124, 0.6726, 0.6968, 0.7464, 0.7389, 0.7662, 0.7841, 0.7935, 0.7434, 0.8168, 0.8427, 0.7743, 0.7969, 0.7433, 0.7681, 0.783, 0.7957, 0.8154, 0.797, 1.0]], "dendrogram": {"icoord": [[5.0, 5.0, 15.0, 15.0], [35.0, 35.0, 45.0, 45.0], [25.0, 25.0, 40.0, 40.0], [10.0, 10.0, 32.5, 32.5], [55.0, 55.0, 65.0, 65.0], [85.0, 85.0, 95.0, 95.0], [75.0, 75.0, 90.0, 90.0], [60.0, 60.0, 82.5, 82.5], [105.0, 105.0, 115.0, 115.0], [135.0, 135.0, 145.0, 145.0], [125.0, 125.0, 140.0, 140.0], [110.0, 110.0, 132.5, 132.5], [165.0, 165.0, 175.0, 175.0], [155.0, 155.0, 170.0, 170.0], [195.0, 195.0, 205.0, 205.0], [185.0, 185.0, 200.0, 200.0], [162.5, 162.5, 192.5, 192.5], [121.25, 121.25, 177.5, 177.5], [71.25, 71.25, 149.375, 149.375], [215.0, 215.0, 225.0, 225.0], [235.0, 235.0, 245.0, 245.0], [265.0, 265.0, 275.0, 275.0], [255.0, 255.0, 270.0, 270.0], [240.0, 240.0, 262.5, 262.5], [295.0, 295.0, 305.0, 305.0], [285.0, 285.0, 300.0, 300.0], [251.25, 251.25, 292.5, 292.5], [220.0, 220.0, 271.875, 271.875], [315.0, 315.0, 325.0, 325.0], [355.0, 355.0, 365.0, 365.0], [345.0, 345.0, 360.0, 360.0], [335.0, 335.0, 352.5, 352.5], [320.0, 320.0, 343.75, 343.75], [375.0, 375.0, 385.0, 385.0], [415.0, 415.0, 425.0, 425.0], [405.0, 405.0, 420.0, 420.0], [395.0, 395.0, 412.5, 412.5], [380.0, 380.0, 403.75, 403.75], [445.0, 445.0, 455.0, 455.0], [465.0, 465.0, 475.0, 475.0], [450.0, 450.0, 470.0, 470.0], [435.0, 435.0, 460.0, 460.0], [391.875, 391.875, 447.5, 447.5], [331.875, 331.875, 419.6875, 419.6875], [245.9375, 245.9375, 375.78125, 375.78125], [110.3125, 110.3125, 310.859375, 310.859375], [21.25, 21.25, 210.5859375, 210.5859375]], "dcoord": [[0.0, 2.1945018855165017, 2.1945018855165017, 0.0], [0.0, 1.6247872694803045, 1.6247872694803045, 0.0], [0.0, 2.6551014771234316, 2.6551014771234316, 1.6247872694803045], [2.1945018855165017, 3.7168455271369076, 3.7168455271369076, 2.6551014771234316], [0.0, 0.9381473353323011, 0.9381473353323011, 0.0], [0.0, 1.358253336241755, 1.358253336241755, 0.0], [0.0, 1.9999028554660283, 1.9999028554660283, 1.358253336241755], [0.9381473353323011, 2.357218011866689, 2.357218011866689, 1.9999028554660283], [0.0, 1.021159314162404, 1.021159314162404, 0.0], [0.0, 0.7706315617687453, 0.7706315617687453, 0.0], [0.0, 1.0460563375060214, 1.0460563375060214, 0.7706315617687453], [1.021159314162404, 1.9587556760275275, 1.9587556760275275, 1.0460563375060214], [0.0, 0.6592781918345305, 0.6592781918345305, 0.0], [0.0, 0.9022612413797443, 0.9022612413797443, 0.6592781918345305], [0.0, 0.4953848683673226, 0.4953848683673226, 0.0], [0.0, 1.0150040742068824, 1.0150040742068824, 0.4953848683673226], [0.9022612413797443, 2.37095395067863, 2.37095395067863, 1.0150040742068824], [1.9587556760275275, 3.0222077327510672, 3.0222077327510672, 2.37095395067863], [2.357218011866689, 4.485578021554712, 4.485578021554712, 3.0222077327510672], [0.0, 0.9002907385991297, 0.9002907385991297, 0.0], [0.0, 0.18220929372555628, 0.18220929372555628, 0.0], [0.0, 0.3783740791676439, 0.3783740791676439, 0.0], [0.0, 0.44311349963793206, 0.44311349963793206, 0.3783740791676439], [0.18220929372555628, 0.7018576237370033, 0.7018576237370033, 0.44311349963793206], [0.0, 0.47219897131988914, 0.47219897131988914, 0.0], [0.0, 0.867115385555237, 0.867115385555237, 0.47219897131988914], [0.7018576237370033, 1.3395934723134713, 1.3395934723134713, 0.867115385555237], [0.9002907385991297, 2.4627829635406338, 2.4627829635406338, 1.3395934723134713], [0.0, 0.5939929136700269, 0.5939929136700269, 0.0], [0.0, 0.45853288365304873, 0.45853288365304873, 0.0], [0.0, 0.7868587280043099, 0.7868587280043099, 0.45853288365304873], [0.0, 0.9617986882180813, 0.9617986882180813, 0.7868587280043099], [0.5939929136700269, 1.3317496892164649, 1.3317496892164649, 0.9617986882180813], [0.0, 0.42622660417924774, 0.42622660417924774, 0.0], [0.0, 0.22284848741062746, 0.22284848741062746, 0.0], [0.0, 0.3917151735119888, 0.3917151735119888, 0.22284848741062746], [0.0, 0.6622655518234041, 0.6622655518234041, 0.3917151735119888], [0.42622660417924774, 0.834784753131421, 0.834784753131421, 0.6622655518234041], [0.0, 0.5285412001906201, 0.5285412001906201, 0.0], [0.0, 0.7133250784729966, 0.7133250784729966, 0.0], [0.5285412001906201, 0.9773188878112283, 0.9773188878112283, 0.7133250784729966], [0.0, 1.2488074683843053, 1.2488074683843053, 0.9773188878112283], [0.834784753131421, 1.860029924443962, 1.860029924443962, 1.2488074683843053], [1.3317496892164649, 2.494401311513843, 2.494401311513843, 1.860029924443962], [2.4627829635406338, 5.069583307437369, 5.069583307437369, 2.494401311513843], [4.485578021554712, 8.461066459562083, 8.461066459562083, 5.069583307437369], [3.7168455271369076, 13.579479578746138, 13.579479578746138, 8.461066459562083]], "max_depth": 13.579479578746138, "n": 48}}