{"titles": ["Don Quixote", "Vanity Fair", "David Copperfield", "Bleak House", "Little Women", "Les Miserables", "One Hundred Years Of Solitude", "Tropic Of Cancer", "The Picture Of Dorian Gray", "The Adventures Of Huckleberry Finn", "The Mill On The Floss", "The Lord Of The Rings", "The Portrait Of A Lady", "Ulysses", "Pride And Prejudice", "The Age Of Innocence", "The Call Of The Wild", "Crime And Punishment", "The Wind In The Willows", "The Count Of Monte Cristo", "Moby Dick", "The Trial", "The Grapes Of Wrath", "Orlando", "Madame Bovary", "As I Lay Dying", "On The Road", "Catch-22", "To The Lighthouse", "The Great Gatsby", "Lolita", "Rebecca", "Brave New World", "Anna Karenina", "Wuthering Heights", "Lord Of The Flies", "The Catcher In The Rye", "To Kill A Mockingbird", "Nineteen Eighty-Four", "In Cold Blood", "The Scarlet Letter", "Frankenstein", "Dracula", "Great Expectations", "Things Fall Apart", "Wide Sargasso Sea", "The Jungle", "Mrs Dalloway", "Beloved", "Song Of Solomon", "Jane Eyre", "Middlemarch"], "matrix": [[1.0, 0.635, 0.5912, 0.5403, -0.0084, 0.1942, -0.2175, -0.1982, -0.3262, -0.4844, -0.4094, -0.1891, -0.4313, -0.41, -0.3071, -0.4291, -0.5098, -0.595, -0.5821, -0.5503, -0.4064, -0.4854, -0.5305, -0.6067, -0.3078, -0.5036, -0.4966, -0.4305, -0.4764, -0.2775, -0.2769, -0.3332, -0.3597, -0.3411, -0.3186, -0.3524, -0.1712, -0.2636, -0.2589, -0.2276, -0.085, -0.1629, -0.1304, -0.1221, -0.2228, -0.2161, -0.23, -0.0309, -0.0109, 0.1982, 0.2577, 0.2656], [0.635, 1.0, 0.6844, 0.4719, 0.1861, 0.4434, -0.3442, -0.3738, -0.3857, -0.5767, -0.5794, -0.3359, -0.5108, -0.5361, -0.442, -0.3915, -0.5329, -0.7186, -0.5864, -0.7262, -0.6591, -0.7093, -0.6141, -0.6378, -0.6169, -0.7102, -0.4982, -0.5228, -0.6603, -0.5172, -0.4356, -0.5771, -0.5842, -0.5918, -0.5681, -0.3397, -0.3547, -0.2711, -0.4464, -0.3521, -0.2481, -0.3613, -0.3083, -0.3875, -0.345, -0.2869, -0.3719, -0.2475, -0.1384, -0.0464, 0.0126, -0.0128], [0.5912, 0.6844, 1.0, 0.4559, 0.481, 0.5121, -0.2756, -0.3351, -0.4547, -0.641, -0.6062, -0.347, -0.5294, -0.543, -0.4917, -0.4081, -0.5674, -0.7736, -0.7011, -0.7452, -0.6852, -0.6223, -0.6797, -0.6703, -0.6149, -0.7324, -0.6094, -0.5663, -0.6659, -0.5413, -0.5495, -0.554, -0.542, -0.4616, -0.4488, -0.5948, -0.4975, -0.4969, -0.4801, -0.4232, -0.4273, -0.3201, -0.307, -0.3453, -0.4045, -0.3525, -0.2629, -0.2472, -0.181, 0.0203, 0.0945, -0.0809], [0.5403, 0.4719, 0.4559, 1.0, -0.0951, 0.1243, 0.1512, -0.0501, -0.119, -0.3323, -0.4705, 0.0559, -0.2257, -0.2963, -0.1904, -0.1599, -0.0837, -0.3276, -0.1984, -0.6204, -0.5989, -0.6026, -0.2554, -0.414, -0.204, -0.174, -0.0038, 0.1361, 0.0004, 0.1292, 0.114, -0.0284, -0.0274, -0.0604, -0.0113, -0.1101, 0.0917, 0.0337, 0.2325, 0.2417, 0.1191, 0.2491, 0.3213, 0.2659, 0.2589, 0.2655, 0.1507, 0.369, 0.3682, 0.383, 0.4447, 0.6437], [-0.0084, 0.1861, 0.481, -0.0951, 1.0, 0.6517, -0.2761, -0.4159, -0.1276, -0.416, -0.3039, -0.0549, -0.085, 0.236, 0.217, 0.2832, -0.308, -0.3473, -0.2406, -0.1671, -0.0068, 0.0162, -0.103, 0.1331, 0.0308, -0.1967, -0.0926, -0.1367, -0.1686, -0.0191, -0.0925, 0.0765, 0.0181, 0.182, 0.0992, -0.271, -0.1409, -0.1068, -0.0408, -0.1362, -0.0371, 0.213, 0.1692, 0.0915, 0.0883, 0.1868, 0.2991, 0.1592, 0.2673, 0.0926, 0.2645, -0.127], [0.1942, 0.4434, 0.5121, 0.1243, 0.6517, 1.0, -0.3682, -0.5606, -0.1642, -0.5119, -0.4598, -0.3024, -0.2778, -0.2054, -0.0323, 0.0965, -0.3904, -0.425, -0.3209, -0.3059, -0.3815, -0.4218, -0.1775, -0.0576, -0.3316, -0.4603, -0.0471, -0.2459, -0.3669, -0.3016, -0.3463, -0.144, -0.3509, -0.2069, -0.2735, -0.3974, -0.4337, -0.2471, -0.2037, -0.3334, -0.1177, -0.0736, -0.0654, -0.0968, -0.0888, 0.0775, 0.0162, -0.0952, 0.1138, -0.0996, 0.1022, -0.0845], [-0.2175, -0.3442, -0.2756, 0.1512, -0.2761, -0.3682, 1.0, 0.8927, 0.1075, 0.3267, 0.0973, 0.1246, 0.3336, 0.3179, 0.1413, 0.3878, 0.6071, 0.3463, 0.4753, 0.2144, 0.2826, 0.3612, 0.3494, 0.3428, 0.442, 0.5421, 0.3802, 0.5334, 0.4692, 0.444, 0.3721, 0.3073, 0.4508, 0.4212, 0.4264, 0.3552, 0.292, 0.2574, 0.3348, 0.6918, 0.4246, 0.247, 0.2585, 0.3261, 0.3473, 0.281, 0.2515, 0.2234, 0.1266, 0.0368, 0.1178, 0.2858], [-0.1982, -0.3738, -0.3351, -0.0501, -0.4159, -0.5606, 0.8927, 1.0, 0.0177, 0.4655, 0.1601, 0.0708, 0.2773, 0.2834, 0.0446, 0.2285, 0.4857, 0.3222, 0.3617, 0.3337, 0.3956, 0.4683, 0.2659, 0.2516, 0.3917, 0.4898, 0.1912, 0.3404, 0.3115, 0.3188, 0.3051, 0.1603, 0.3834, 0.2924, 0.2933, 0.4258, 0.3063, 0.2668, 0.1162, 0.5398, 0.3237, 0.0481, 0.0517, 0.1348, 0.1567, 0.0356, 0.1017, 0.0436, -0.0688, -0.0667, -0.0879, 0.0802], [-0.3262, -0.3857, -0.4547, -0.119, -0.1276, -0.1642, 0.1075, 0.0177, 1.0, 0.1306, 0.3049, 0.2668, 0.3281, 0.3325, 0.4187, 0.22, 0.3451, 0.3109, 0.3269, 0.3096, 0.1402, 0.2664, 0.4587, 0.3002, 0.2627, 0.2851, 0.3464, 0.3707, 0.3545, 0.3229, 0.2181, 0.3774, 0.2873, 0.2917, 0.3039, 0.119, 0.1389, 0.1672, 0.3338, 0.2588, 0.1488, 0.3123, 0.2875, 0.2808, 0.3086, 0.3086, 0.209, 0.2583, 0.2252, 0.1596, 0.1228, 0.0574], [-0.4844, -0.5767, -0.641, -0.3323, -0.416, -0.5119, 0.3267, 0.4655, 0.1306, 1.0, 0.4446, 0.1021, 0.2887, 0.342, 0.2226, 0.1768, 0.5615, 0.765, 0.6612, 0.614, 0.4895, 0.4457, 0.469, 0.4888, 0.397, 0.6251, 0.511, 0.4228, 0.5135, 0.331, 0.4466, 0.2606, 0.4048, 0.3027, 0.2821, 0.5566, 0.4041, 0.3978, 0.3393, 0.2372, 0.3648, 0.1018, 0.0928, 0.1717, 0.1924, 0.1202, 0.0572, 0.0291, -0.0406, -0.0972, -0.1658, 0.0835], [-0.4094, -0.5794, -0.6062, -0.4705, -0.3039, -0.4598, 0.0973, 0.1601, 0.3049, 0.4446, 1.0, 0.3864, 0.4531, 0.2774, 0.2219, 0.139, 0.5569, 0.7023, 0.5215, 0.6154, 0.436, 0.3594, 0.4319, 0.378, 0.3403, 0.4658, 0.3278, 0.3642, 0.4618, 0.2243, 0.1214, 0.1536, 0.1743, 0.2762, 0.2086, 0.2099, 0.0744, 0.1038, 0.1906, 0.1165, 0.088, -0.0065, -0.0266, 0.0658, 0.0433, -0.0225, -0.0983, -0.1015, -0.2291, -0.1438, -0.2572, -0.0967], [-0.1891, -0.3359, -0.347, 0.0559, -0.0549, -0.3024, 0.1246, 0.0708, 0.2668, 0.1021, 0.3864, 1.0, 0.6981, 0.3614, 0.6429, 0.4493, 0.3307, 0.4451, 0.3856, 0.2264, 0.2077, 0.2162, 0.587, 0.4148, 0.4574, 0.5059, 0.5003, 0.6395, 0.6028, 0.6357, 0.5411, 0.5105, 0.555, 0.5054, 0.5078, 0.3302, 0.54, 0.3735, 0.4603, 0.5361, 0.5087, 0.5297, 0.5437, 0.5059, 0.6655, 0.5517, 0.4266, 0.4857, 0.4616, 0.0461, 0.3908, 0.4096], [-0.4313, -0.5108, -0.5294, -0.2257, -0.085, -0.2778, 0.3336, 0.2773, 0.3281, 0.2887, 0.4531, 0.6981, 1.0, 0.4443, 0.629, 0.5059, 0.5123, 0.5352, 0.5344, 0.5107, 0.3957, 0.4647, 0.6655, 0.6316, 0.5199, 0.6139, 0.569, 0.6629, 0.6161, 0.5858, 0.4811, 0.5393, 0.5646, 0.5044, 0.5327, 0.4293, 0.3866, 0.3777, 0.42, 0.578, 0.522, 0.4048, 0.3897, 0.4234, 0.5546, 0.4888, 0.3525, 0.2867, 0.2714, -0.0797, 0.2172, 0.2246], [-0.41, -0.5361, -0.543, -0.2963, 0.236, -0.2054, 0.3179, 0.2834, 0.3325, 0.342, 0.2774, 0.3614, 0.4443, 1.0, 0.6518, 0.6517, 0.4247, 0.4822, 0.5709, 0.5555, 0.8027, 0.7889, 0.6026, 0.7589, 0.8457, 0.7404, 0.5418, 0.5845, 0.6707, 0.7418, 0.7015, 0.747, 0.7946, 0.8205, 0.7827, 0.5901, 0.6659, 0.6194, 0.6053, 0.602, 0.6372, 0.6698, 0.6326, 0.5805, 0.6386, 0.607, 0.6836, 0.6099, 0.5598, 0.2378, 0.3306, 0.2199], [-0.3071, -0.442, -0.4917, -0.1904, 0.217, -0.0323, 0.1413, 0.0446, 0.4187, 0.2226, 0.2219, 0.6429, 0.629, 0.6518, 1.0, 0.6359, 0.3762, 0.4452, 0.5413, 0.507, 0.4689, 0.5318, 0.7843, 0.7608, 0.6881, 0.6069, 0.649, 0.6305, 0.6322, 0.7098, 0.6223, 0.7645, 0.6903, 0.6865, 0.67, 0.4333, 0.581, 0.5395, 0.6348, 0.5274, 0.6687, 0.6743, 0.6408, 0.6752, 0.7396, 0.7155, 0.6351, 0.5933, 0.631, 0.1651, 0.4893, 0.3381], [-0.4291, -0.3915, -0.4081, -0.1599, 0.2832, 0.0965, 0.3878, 0.2285, 0.22, 0.1768, 0.139, 0.4493, 0.5059, 0.6517, 0.6359, 1.0, 0.3633, 0.4974, 0.5723, 0.4732, 0.435, 0.5145, 0.7058, 0.8162, 0.6591, 0.6372, 0.705, 0.704, 0.6284, 0.6907, 0.6367, 0.7076, 0.684, 0.7143, 0.6828, 0.5164, 0.4895, 0.5739, 0.4923, 0.6423, 0.6909, 0.6439, 0.6488, 0.6021, 0.7319, 0.7541, 0.6403, 0.5432, 0.5965, 0.0079, 0.4456, 0.3582], [-0.5098, -0.5329, -0.5674, -0.0837, -0.308, -0.3904, 0.6071, 0.4857, 0.3451, 0.5615, 0.5569, 0.3307, 0.5123, 0.4247, 0.3762, 0.3633, 1.0, 0.7703, 0.8869, 0.5178, 0.3597, 0.395, 0.7031, 0.6163, 0.5405, 0.763, 0.7413, 0.7682, 0.7623, 0.5268, 0.4423, 0.437, 0.4922, 0.5363, 0.5239, 0.5244, 0.3735, 0.3998, 0.6261, 0.6445, 0.5148, 0.2949, 0.2951, 0.4231, 0.4372, 0.3769, 0.238, 0.2144, 0.1201, -0.0571, 0.0817, 0.2816], [-0.595, -0.7186, -0.7736, -0.3276, -0.3473, -0.425, 0.3463, 0.3222, 0.3109, 0.765, 0.7023, 0.4451, 0.5352, 0.4822, 0.4452, 0.4974, 0.7703, 1.0, 0.9033, 0.7351, 0.539, 0.4988, 0.7625, 0.7382, 0.6153, 0.8342, 0.8022, 0.7469, 0.8232, 0.5729, 0.5887, 0.5333, 0.5774, 0.5753, 0.5449, 0.6115, 0.4845, 0.505, 0.595, 0.4757, 0.548, 0.358, 0.3523, 0.4305, 0.4709, 0.4216, 0.2347, 0.2398, 0.1633, -0.067, 0.0544, 0.285], [-0.5821, -0.5864, -0.7011, -0.1984, -0.2406, -0.3209, 0.4753, 0.3617, 0.3269, 0.6612, 0.5215, 0.3856, 0.5344, 0.5709, 0.5413, 0.5723, 0.8869, 0.9033, 1.0, 0.6568, 0.503, 0.5009, 0.834, 0.8116, 0.6792, 0.8711, 0.8903, 0.8363, 0.8662, 0.6464, 0.6444, 0.6109, 0.6402, 0.6506, 0.6418, 0.6988, 0.5541, 0.6139, 0.7259, 0.6431, 0.6944, 0.4473, 0.4478, 0.5422, 0.589, 0.5575, 0.3755, 0.3468, 0.2916, -0.0476, 0.1814, 0.3666], [-0.5503, -0.7262, -0.7452, -0.6204, -0.1671, -0.3059, 0.2144, 0.3337, 0.3096, 0.614, 0.6154, 0.2264, 0.5107, 0.5555, 0.507, 0.4732, 0.5178, 0.7351, 0.6568, 1.0, 0.6948, 0.7569, 0.7242, 0.7684, 0.6713, 0.7133, 0.5555, 0.4915, 0.5745, 0.4928, 0.4826, 0.5568, 0.5631, 0.5678, 0.5332, 0.6316, 0.418, 0.5641, 0.3672, 0.3232, 0.4652, 0.2853, 0.2456, 0.3895, 0.3337, 0.3046, 0.2504, 0.1749, 0.134, -0.0881, 0.0319, 0.0185], [-0.4064, -0.6591, -0.6852, -0.5989, -0.0068, -0.3815, 0.2826, 0.3956, 0.1402, 0.4895, 0.436, 0.2077, 0.3957, 0.8027, 0.4689, 0.435, 0.3597, 0.539, 0.503, 0.6948, 1.0, 0.8682, 0.4636, 0.6769, 0.7859, 0.7123, 0.3513, 0.3435, 0.5246, 0.5131, 0.5177, 0.5448, 0.6211, 0.6239, 0.5501, 0.5137, 0.5302, 0.4217, 0.3742, 0.3739, 0.4355, 0.3511, 0.2943, 0.3303, 0.3157, 0.2621, 0.3924, 0.2828, 0.2008, 0.0616, -0.0082, -0.0364], [-0.4854, -0.7093, -0.6223, -0.6026, 0.0162, -0.4218, 0.3612, 0.4683, 0.2664, 0.4457, 0.3594, 0.2162, 0.4647, 0.7889, 0.5318, 0.5145, 0.395, 0.4988, 0.5009, 0.7569, 0.8682, 1.0, 0.5772, 0.7198, 0.7922, 0.7072, 0.3508, 0.396, 0.5318, 0.5669, 0.5466, 0.6478, 0.7144, 0.6962, 0.6974, 0.5631, 0.5416, 0.5014, 0.3722, 0.4664, 0.4557, 0.4259, 0.3622, 0.4102, 0.3795, 0.323, 0.4379, 0.3492, 0.2628, 0.1049, 0.1729, -0.0085], [-0.5305, -0.6141, -0.6797, -0.2554, -0.103, -0.1775, 0.3494, 0.2659, 0.4587, 0.469, 0.4319, 0.587, 0.6655, 0.6026, 0.7843, 0.7058, 0.7031, 0.7625, 0.834, 0.7242, 0.4636, 0.5772, 1.0, 0.8782, 0.721, 0.7945, 0.8778, 0.8297, 0.798, 0.7271, 0.6648, 0.7648, 0.714, 0.7052, 0.7126, 0.668, 0.5944, 0.6523, 0.6535, 0.6571, 0.7464, 0.56, 0.5583, 0.6587, 0.7258, 0.6876, 0.5142, 0.4579, 0.4787, -0.0925, 0.3528, 0.3392], [-0.6067, -0.6378, -0.6703, -0.414, 0.1331, -0.0576, 0.3428, 0.2516, 0.3002, 0.4888, 0.378, 0.4148, 0.6316, 0.7589, 0.7608, 0.8162, 0.6163, 0.7382, 0.8116, 0.7684, 0.6769, 0.7198, 0.8782, 1.0, 0.805, 0.8307, 0.8391, 0.7602, 0.7818, 0.7219, 0.6874, 0.7905, 0.7564, 0.783, 0.7516, 0.6594, 0.5689, 0.6492, 0.6395, 0.604, 0.7389, 0.6001, 0.5757, 0.6305, 0.6898, 0.6956, 0.5877, 0.4689, 0.4938, -0.0211, 0.3259, 0.2693], [-0.3078, -0.6169, -0.6149, -0.204, 0.0308, -0.3316, 0.442, 0.3917, 0.2627, 0.397, 0.3403, 0.4574, 0.5199, 0.8457, 0.6881, 0.6591, 0.5405, 0.6153, 0.6792, 0.6713, 0.7859, 0.7922, 0.721, 0.805, 1.0, 0.8975, 0.6494, 0.7252, 0.8168, 0.8782, 0.836, 0.8823, 0.9196, 0.9393, 0.9054, 0.6908, 0.7968, 0.7181, 0.7603, 0.7556, 0.7743, 0.7723, 0.7402, 0.7954, 0.7577, 0.7118, 0.6823, 0.7175, 0.6388, 0.3097, 0.5039, 0.4702], [-0.5036, -0.7102, -0.7324, -0.174, -0.1967, -0.4603, 0.5421, 0.4898, 0.2851, 0.6251, 0.4658, 0.5059, 0.6139, 0.7404, 0.6069, 0.6372, 0.763, 0.8342, 0.8711, 0.7133, 0.7123, 0.7072, 0.7945, 0.8307, 0.8975, 1.0, 0.8096, 0.8644, 0.9358, 0.8623, 0.8416, 0.803, 0.8854, 0.8616, 0.837, 0.7657, 0.7669, 0.7183, 0.8006, 0.7843, 0.7662, 0.675, 0.6587, 0.7248, 0.7382, 0.6699, 0.5758, 0.5969, 0.4995, 0.1836, 0.3553, 0.4838], [-0.4966, -0.4982, -0.6094, -0.0038, -0.0926, -0.0471, 0.3802, 0.1912, 0.3464, 0.511, 0.3278, 0.5003, 0.569, 0.5418, 0.649, 0.705, 0.7413, 0.8022, 0.8903, 0.5555, 0.3513, 0.3508, 0.8778, 0.8391, 0.6494, 0.8096, 1.0, 0.9182, 0.8746, 0.7485, 0.7243, 0.7299, 0.6849, 0.6865, 0.6706, 0.6497, 0.5777, 0.6489, 0.782, 0.6784, 0.7841, 0.626, 0.6468, 0.6955, 0.7865, 0.7876, 0.541, 0.5278, 0.5579, 0.0096, 0.3865, 0.5383], [-0.4305, -0.5228, -0.5663, 0.1361, -0.1367, -0.2459, 0.5334, 0.3404, 0.3707, 0.4228, 0.3642, 0.6395, 0.6629, 0.5845, 0.6305, 0.704, 0.7682, 0.7469, 0.8363, 0.4915, 0.3435, 0.396, 0.8297, 0.7602, 0.7252, 0.8644, 0.9182, 1.0, 0.9392, 0.8805, 0.796, 0.7847, 0.7992, 0.7926, 0.7967, 0.6556, 0.6654, 0.677, 0.8404, 0.8423, 0.7935, 0.7416, 0.7637, 0.7894, 0.8749, 0.8304, 0.6103, 0.6629, 0.6228, 0.1433, 0.5042, 0.6466], [-0.4764, -0.6603, -0.6659, 0.0004, -0.1686, -0.3669, 0.4692, 0.3115, 0.3545, 0.5135, 0.4618, 0.6028, 0.6161, 0.6707, 0.6322, 0.6284, 0.7623, 0.8232, 0.8662, 0.5745, 0.5246, 0.5318, 0.798, 0.7818, 0.8168, 0.9358, 0.8746, 0.9392, 1.0, 0.8868, 0.8277, 0.83, 0.8485, 0.849, 0.8472, 0.6428, 0.7136, 0.6627, 0.8934, 0.7746, 0.7434, 0.762, 0.758, 0.7794, 0.8152, 0.7693, 0.5992, 0.6834, 0.5898, 0.261, 0.4634, 0.6109], [-0.2775, -0.5172, -0.5413, 0.1292, -0.0191, -0.3016, 0.444, 0.3188, 0.3229, 0.331, 0.2243, 0.6357, 0.5858, 0.7418, 0.7098, 0.6907, 0.5268, 0.5729, 0.6464, 0.4928, 0.5131, 0.5669, 0.7271, 0.7219, 0.8782, 0.8623, 0.7485, 0.8805, 0.8868, 1.0, 0.9281, 0.9189, 0.9514, 0.922, 0.914, 0.6821, 0.8475, 0.7697, 0.8626, 0.8562, 0.8168, 0.9172, 0.9196, 0.9174, 0.9424, 0.8886, 0.7862, 0.8832, 0.8209, 0.387, 0.6632, 0.6927], [-0.2769, -0.4356, -0.5495, 0.114, -0.0925, -0.3463, 0.3721, 0.3051, 0.2181, 0.4466, 0.1214, 0.5411, 0.4811, 0.7015, 0.6223, 0.6367, 0.4423, 0.5887, 0.6444, 0.4826, 0.5177, 0.5466, 0.6648, 0.6874, 0.836, 0.8416, 0.7243, 0.796, 0.8277, 0.9281, 1.0, 0.8649, 0.9407, 0.8445, 0.8593, 0.8075, 0.9325, 0.8697, 0.8147, 0.8007, 0.8427, 0.8625, 0.8741, 0.8521, 0.8958, 0.8484, 0.7436, 0.8431, 0.8, 0.3741, 0.6199, 0.6974], [-0.3332, -0.5771, -0.554, -0.0284, 0.0765, -0.144, 0.3073, 0.1603, 0.3774, 0.2606, 0.1536, 0.5105, 0.5393, 0.747, 0.7645, 0.7076, 0.437, 0.5333, 0.6109, 0.5568, 0.5448, 0.6478, 0.7648, 0.7905, 0.8823, 0.803, 0.7299, 0.7847, 0.83, 0.9189, 0.8649, 1.0, 0.9252, 0.9112, 0.9318, 0.6116, 0.7776, 0.7288, 0.8424, 0.7393, 0.7602, 0.9146, 0.8953, 0.9042, 0.8937, 0.8905, 0.788, 0.8593, 0.8351, 0.3862, 0.6859, 0.5936], [-0.3597, -0.5842, -0.542, -0.0274, 0.0181, -0.3509, 0.4508, 0.3834, 0.2873, 0.4048, 0.1743, 0.555, 0.5646, 0.7946, 0.6903, 0.684, 0.4922, 0.5774, 0.6402, 0.5631, 0.6211, 0.7144, 0.714, 0.7564, 0.9196, 0.8854, 0.6849, 0.7992, 0.8485, 0.9514, 0.9407, 0.9252, 1.0, 0.9413, 0.9499, 0.7333, 0.882, 0.7964, 0.811, 0.8259, 0.7969, 0.8832, 0.8632, 0.8583, 0.8785, 0.8203, 0.7724, 0.837, 0.7676, 0.3944, 0.6273, 0.5933], [-0.3411, -0.5918, -0.4616, -0.0604, 0.182, -0.2069, 0.4212, 0.2924, 0.2917, 0.3027, 0.2762, 0.5054, 0.5044, 0.8205, 0.6865, 0.7143, 0.5363, 0.5753, 0.6506, 0.5678, 0.6239, 0.6962, 0.7052, 0.783, 0.9393, 0.8616, 0.6865, 0.7926, 0.849, 0.922, 0.8445, 0.9112, 0.9413, 1.0, 0.9564, 0.6102, 0.755, 0.6974, 0.8184, 0.7815, 0.7433, 0.8808, 0.8523, 0.8761, 0.8377, 0.81, 0.7701, 0.8183, 0.7421, 0.4073, 0.6349, 0.5642], [-0.3186, -0.5681, -0.4488, -0.0113, 0.0992, -0.2735, 0.4264, 0.2933, 0.3039, 0.2821, 0.2086, 0.5078, 0.5327, 0.7827, 0.67, 0.6828, 0.5239, 0.5449, 0.6418, 0.5332, 0.5501, 0.6974, 0.7126, 0.7516, 0.9054, 0.837, 0.6706, 0.7967, 0.8472, 0.914, 0.8593, 0.9318, 0.9499, 0.9564, 1.0, 0.6474, 0.7838, 0.7371, 0.8236, 0.8036, 0.7681, 0.8839, 0.8598, 0.8613, 0.8493, 0.8176, 0.7564, 0.8298, 0.7516, 0.4118, 0.6986, 0.6072], [-0.3524, -0.3397, -0.5948, -0.1101, -0.271, -0.3974, 0.3552, 0.4258, 0.119, 0.5566, 0.2099, 0.3302, 0.4293, 0.5901, 0.4333, 0.5164, 0.5244, 0.6115, 0.6988, 0.6316, 0.5137, 0.5631, 0.668, 0.6594, 0.6908, 0.7657, 0.6497, 0.6556, 0.6428, 0.6821, 0.8075, 0.6116, 0.7333, 0.6102, 0.6474, 1.0, 0.825, 0.9284, 0.5521, 0.681, 0.783, 0.4874, 0.5126, 0.5617, 0.6299, 0.5638, 0.4842, 0.472, 0.4566, 0.0182, 0.293, 0.407], [-0.1712, -0.3547, -0.4975, 0.0917, -0.1409, -0.4337, 0.292, 0.3063, 0.1389, 0.4041, 0.0744, 0.54, 0.3866, 0.6659, 0.581, 0.4895, 0.3735, 0.4845, 0.5541, 0.418, 0.5302, 0.5416, 0.5944, 0.5689, 0.7968, 0.7669, 0.5777, 0.6654, 0.7136, 0.8475, 0.9325, 0.7776, 0.882, 0.755, 0.7838, 0.825, 1.0, 0.862, 0.734, 0.7439, 0.7957, 0.7628, 0.7738, 0.7658, 0.8105, 0.7236, 0.6922, 0.7819, 0.7349, 0.3083, 0.558, 0.6003], [-0.2636, -0.2711, -0.4969, 0.0337, -0.1068, -0.2471, 0.2574, 0.2668, 0.1672, 0.3978, 0.1038, 0.3735, 0.3777, 0.6194, 0.5395, 0.5739, 0.3998, 0.505, 0.6139, 0.5641, 0.4217, 0.5014, 0.6523, 0.6492, 0.7181, 0.7183, 0.6489, 0.677, 0.6627, 0.7697, 0.8697, 0.7288, 0.7964, 0.6974, 0.7371, 0.9284, 0.862, 1.0, 0.6629, 0.6821, 0.8154, 0.6798, 0.7003, 0.7043, 0.757, 0.7227, 0.625, 0.677, 0.6686, 0.248, 0.5049, 0.5613], [-0.2589, -0.4464, -0.4801, 0.2325, -0.0408, -0.2037, 0.3348, 0.1162, 0.3338, 0.3393, 0.1906, 0.4603, 0.42, 0.6053, 0.6348, 0.4923, 0.6261, 0.595, 0.7259, 0.3672, 0.3742, 0.3722, 0.6535, 0.6395, 0.7603, 0.8006, 0.782, 0.8404, 0.8934, 0.8626, 0.8147, 0.8424, 0.811, 0.8184, 0.8236, 0.5521, 0.734, 0.6629, 1.0, 0.7276, 0.718, 0.8589, 0.8498, 0.8674, 0.8449, 0.8344, 0.6812, 0.8231, 0.7495, 0.4895, 0.6308, 0.7331], [-0.2276, -0.3521, -0.4232, 0.2417, -0.1362, -0.3334, 0.6918, 0.5398, 0.2588, 0.2372, 0.1165, 0.5361, 0.578, 0.602, 0.5274, 0.6423, 0.6445, 0.4757, 0.6431, 0.3232, 0.3739, 0.4664, 0.6571, 0.604, 0.7556, 0.7843, 0.6784, 0.8423, 0.7746, 0.8562, 0.8007, 0.7393, 0.8259, 0.7815, 0.8036, 0.681, 0.7439, 0.6821, 0.7276, 1.0, 0.797, 0.7237, 0.7461, 0.7637, 0.8295, 0.7639, 0.667, 0.7093, 0.6499, 0.2409, 0.5543, 0.6417], [-0.085, -0.2481, -0.4273, 0.1191, -0.0371, -0.1177, 0.4246, 0.3237, 0.1488, 0.3648, 0.088, 0.5087, 0.522, 0.6372, 0.6687, 0.6909, 0.5148, 0.548, 0.6944, 0.4652, 0.4355, 0.4557, 0.7464, 0.7389, 0.7743, 0.7662, 0.7841, 0.7935, 0.7434, 0.8168, 0.8427, 0.7602, 0.7969, 0.7433, 0.7681, 0.783, 0.7957, 0.8154, 0.718, 0.797, 1.0, 0.7031, 0.7285, 0.7645, 0.8427, 0.8115, 0.6124, 0.6726, 0.6968, 0.1319, 0.6396, 0.6984], [-0.1629, -0.3613, -0.3201, 0.2491, 0.213, -0.0736, 0.247, 0.0481, 0.3123, 0.1018, -0.0065, 0.5297, 0.4048, 0.6698, 0.6743, 0.6439, 0.2949, 0.358, 0.4473, 0.2853, 0.3511, 0.4259, 0.56, 0.6001, 0.7723, 0.675, 0.626, 0.7416, 0.762, 0.9172, 0.8625, 0.9146, 0.8832, 0.8808, 0.8839, 0.4874, 0.7628, 0.6798, 0.8589, 0.7237, 0.7031, 1.0, 0.9909, 0.9274, 0.9285, 0.9302, 0.8302, 0.9769, 0.9423, 0.585, 0.8139, 0.743], [-0.1304, -0.3083, -0.307, 0.3213, 0.1692, -0.0654, 0.2585, 0.0517, 0.2875, 0.0928, -0.0266, 0.5437, 0.3897, 0.6326, 0.6408, 0.6488, 0.2951, 0.3523, 0.4478, 0.2456, 0.2943, 0.3622, 0.5583, 0.5757, 0.7402, 0.6587, 0.6468, 0.7637, 0.758, 0.9196, 0.8741, 0.8953, 0.8632, 0.8523, 0.8598, 0.5126, 0.7738, 0.7003, 0.8498, 0.7461, 0.7285, 0.9909, 1.0, 0.9334, 0.9488, 0.9498, 0.8279, 0.9795, 0.9565, 0.5406, 0.8201, 0.7825], [-0.1221, -0.3875, -0.3453, 0.2659, 0.0915, -0.0968, 0.3261, 0.1348, 0.2808, 0.1717, 0.0658, 0.5059, 0.4234, 0.5805, 0.6752, 0.6021, 0.4231, 0.4305, 0.5422, 0.3895, 0.3303, 0.4102, 0.6587, 0.6305, 0.7954, 0.7248, 0.6955, 0.7894, 0.7794, 0.9174, 0.8521, 0.9042, 0.8583, 0.8761, 0.8613, 0.5617, 0.7658, 0.7043, 0.8674, 0.7637, 0.7645, 0.9274, 0.9334, 1.0, 0.9175, 0.9143, 0.7768, 0.9089, 0.8842, 0.4345, 0.7994, 0.7655], [-0.2228, -0.345, -0.4045, 0.2589, 0.0883, -0.0888, 0.3473, 0.1567, 0.3086, 0.1924, 0.0433, 0.6655, 0.5546, 0.6386, 0.7396, 0.7319, 0.4372, 0.4709, 0.589, 0.3337, 0.3157, 0.3795, 0.7258, 0.6898, 0.7577, 0.7382, 0.7865, 0.8749, 0.8152, 0.9424, 0.8958, 0.8937, 0.8785, 0.8377, 0.8493, 0.6299, 0.8105, 0.757, 0.8449, 0.8295, 0.8427, 0.9285, 0.9488, 0.9175, 1.0, 0.9741, 0.8133, 0.8946, 0.9069, 0.3316, 0.746, 0.7446], [-0.2161, -0.2869, -0.3525, 0.2655, 0.1868, 0.0775, 0.281, 0.0356, 0.3086, 0.1202, -0.0225, 0.5517, 0.4888, 0.607, 0.7155, 0.7541, 0.3769, 0.4216, 0.5575, 0.3046, 0.2621, 0.323, 0.6876, 0.6956, 0.7118, 0.6699, 0.7876, 0.8304, 0.7693, 0.8886, 0.8484, 0.8905, 0.8203, 0.81, 0.8176, 0.5638, 0.7236, 0.7227, 0.8344, 0.7639, 0.8115, 0.9302, 0.9498, 0.9143, 0.9741, 1.0, 0.8128, 0.8887, 0.9287, 0.352, 0.7677, 0.7422], [-0.23, -0.3719, -0.2629, 0.1507, 0.2991, 0.0162, 0.2515, 0.1017, 0.209, 0.0572, -0.0983, 0.4266, 0.3525, 0.6836, 0.6351, 0.6403, 0.238, 0.2347, 0.3755, 0.2504, 0.3924, 0.4379, 0.5142, 0.5877, 0.6823, 0.5758, 0.541, 0.6103, 0.5992, 0.7862, 0.7436, 0.788, 0.7724, 0.7701, 0.7564, 0.4842, 0.6922, 0.625, 0.6812, 0.667, 0.6124, 0.8302, 0.8279, 0.7768, 0.8133, 0.8128, 1.0, 0.82, 0.8347, 0.3898, 0.5746, 0.4895], [-0.0309, -0.2475, -0.2472, 0.369, 0.1592, -0.0952, 0.2234, 0.0436, 0.2583, 0.0291, -0.1015, 0.4857, 0.2867, 0.6099, 0.5933, 0.5432, 0.2144, 0.2398, 0.3468, 0.1749, 0.2828, 0.3492, 0.4579, 0.4689, 0.7175, 0.5969, 0.5278, 0.6629, 0.6834, 0.8832, 0.8431, 0.8593, 0.837, 0.8183, 0.8298, 0.472, 0.7819, 0.677, 0.8231, 0.7093, 0.6726, 0.9769, 0.9795, 0.9089, 0.8946, 0.8887, 0.82, 1.0, 0.9569, 0.6369, 0.8257, 0.776], [-0.0109, -0.1384, -0.181, 0.3682, 0.2673, 0.1138, 0.1266, -0.0688, 0.2252, -0.0406, -0.2291, 0.4616, 0.2714, 0.5598, 0.631, 0.5965, 0.1201, 0.1633, 0.2916, 0.134, 0.2008, 0.2628, 0.4787, 0.4938, 0.6388, 0.4995, 0.5579, 0.6228, 0.5898, 0.8209, 0.8, 0.8351, 0.7676, 0.7421, 0.7516, 0.4566, 0.7349, 0.6686, 0.7495, 0.6499, 0.6968, 0.9423, 0.9565, 0.8842, 0.9069, 0.9287, 0.8347, 0.9569, 1.0, 0.5149, 0.8333, 0.7359], [0.1982, -0.0464, 0.0203, 0.383, 0.0926, -0.0996, 0.0368, -0.0667, 0.1596, -0.0972, -0.1438, 0.0461, -0.0797, 0.2378, 0.1651, 0.0079, -0.0571, -0.067, -0.0476, -0.0881, 0.0616, 0.1049, -0.0925, -0.0211, 0.3097, 0.1836, 0.0096, 0.1433, 0.261, 0.387, 0.3741, 0.3862, 0.3944, 0.4073, 0.4118, 0.0182, 0.3083, 0.248, 0.4895, 0.2409, 0.1319, 0.585, 0.5406, 0.4345, 0.3316, 0.352, 0.3898, 0.6369, 0.5149, 1.0, 0.5206, 0.5548], [0.2577, 0.0126, 0.0945, 0.4447, 0.2645, 0.1022, 0.1178, -0.0879, 0.1228, -0.1658, -0.2572, 0.3908, 0.2172, 0.3306, 0.4893, 0.4456, 0.0817, 0.0544, 0.1814, 0.0319, -0.0082, 0.1729, 0.3528, 0.3259, 0.5039, 0.3553, 0.3865, 0.5042, 0.4634, 0.6632, 0.6199, 0.6859, 0.6273, 0.6349, 0.6986, 0.293, 0.558, 0.5049, 0.6308, 0.5543, 0.6396, 0.8139, 0.8201, 0.7994, 0.746, 0.7677, 0.5746, 0.8257, 0.8333, 0.5206, 1.0, 0.8204], [0.2656, -0.0128, -0.0809, 0.6437, -0.127, -0.0845, 0.2858, 0.0802, 0.0574, 0.0835, -0.0967, 0.4096, 0.2246, 0.2199, 0.3381, 0.3582, 0.2816, 0.285, 0.3666, 0.0185, -0.0364, -0.0085, 0.3392, 0.2693, 0.4702, 0.4838, 0.5383, 0.6466, 0.6109, 0.6927, 0.6974, 0.5936, 0.5933, 0.5642, 0.6072, 0.407, 0.6003, 0.5613, 0.7331, 0.6417, 0.6984, 0.743, 0.7825, 0.7655, 0.7446, 0.7422, 0.4895, 0.776, 0.7359, 0.5548, 0.8204, 1.0]], "dendrogram": {"icoord": [[15.0, 15.0, 25.0, 25.0], [5.0, 5.0, 20.0, 20.0], [45.0, 45.0, 55.0, 55.0], [35.0, 35.0, 50.0, 50.0], [12.5, 12.5, 42.5, 42.5], [65.0, 65.0, 75.0, 75.0], [95.0, 95.0, 105.0, 105.0], [85.0, 85.0, 100.0, 100.0], [70.0, 70.0, 92.5, 92.5], [115.0, 115.0, 125.0, 125.0], [145.0, 145.0, 155.0, 155.0], [135.0, 135.0, 150.0, 150.0], [120.0, 120.0, 142.5, 142.5], [175.0, 175.0, 185.0, 185.0], [165.0, 165.0, 180.0, 180.0], [205.0, 205.0, 215.0, 215.0], [195.0, 195.0, 210.0, 210.0], [172.5, 172.5, 202.5, 202.5], [131.25, 131.25, 187.5, 187.5], [81.25, 81.25, 159.375, 159.375], [225.0, 225.0, 235.0, 235.0], [245.0, 245.0, 255.0, 255.0], [275.0, 275.0, 285.0, 285.0], [265.0, 265.0, 280.0, 280.0], [250.0, 250.0, 272.5, 272.5], [230.0, 230.0, 261.25, 261.25], [295.0, 295.0, 305.0, 305.0], [335.0, 335.0, 345.0, 345.0], [325.0, 325.0, 340.0, 340.0], [315.0, 315.0, 332.5, 332.5], [300.0, 300.0, 323.75, 323.75], [365.0, 365.0, 375.0, 375.0], [395.0, 395.0, 405.0, 405.0], [385.0, 385.0, 400.0, 400.0], [370.0, 370.0, 392.5, 392.5], [355.0, 355.0, 381.25, 381.25], [311.875, 311.875, 368.125, 368.125], [245.625, 245.625, 340.0, 340.0], [415.0, 415.0, 425.0, 425.0], [445.0, 445.0, 455.0, 455.0], [435.0, 435.0, 450.0, 450.0], [420.0, 420.0, 442.5, 442.5], [475.0, 475.0, 485.0, 485.0], [465.0, 465.0, 480.0, 480.0], [431.25, 431.25, 472.5, 472.5], [505.0, 505.0, 515.0, 515.0], [495.0, 495.0, 510.0, 510.0], [451.875, 451.875, 502.5, 502.5], [292.8125, 292.8125, 477.1875, 477.1875], [120.3125, 120.3125, 385.0, 385.0], [27.5, 27.5, 252.65625, 252.65625]], "dcoord": [[0.0, 0.7880080349430416, 0.7880080349430416, 0.0], [0.0, 1.5982538542452105, 1.5982538542452105, 0.7880080349430416], [0.0, 1.6680141217088327, 1.6680141217088327, 0.0], [0.0, 2.910633306592131, 2.910633306592131, 1.6680141217088327], [1.5982538542452105, 4.224139561890774, 4.224139561890774, 2.910633306592131], [0.0, 0.9766895165155056, 0.9766895165155056, 0.0], [0.0, 1.370993854457674, 1.370993854457674, 0.0], [0.0, 2.032718832552758, 2.032718832552758, 1.370993854457674], [0.9766895165155056, 2.4062869283856396, 2.4062869283856396, 2.032718832552758], [0.0, 1.053112629299836, 1.053112629299836, 0.0], [0.0, 0.7918293128407825, 0.7918293128407825, 0.0], [0.0, 1.0617109892570582, 1.0617109892570582, 0.7918293128407825], [1.053112629299836, 1.9999300685875514, 1.9999300685875514, 1.0617109892570582], [0.0, 0.6932079992945013, 0.6932079992945013, 0.0], [0.0, 0.9473956819436377, 0.9473956819436377, 0.6932079992945013], [0.0, 0.5123459971199471, 0.5123459971199471, 0.0], [0.0, 1.0226699615197827, 1.0226699615197827, 0.5123459971199471], [0.9473956819436377, 2.4257820046486853, 2.4257820046486853, 1.0226699615197827], [1.9999300685875514, 3.113506461172778, 3.113506461172778, 2.4257820046486853], [2.4062869283856396, 4.644523593225201, 4.644523593225201, 3.113506461172778], [0.0, 0.5952573104218539, 0.5952573104218539, 0.0], [0.0, 0.7851640717574159, 0.7851640717574159, 0.0], [0.0, 0.4939126610933339, 0.4939126610933339, 0.0], [0.0, 0.8052472978815685, 0.8052472978815685, 0.4939126610933339], [0.7851640717574159, 1.3113228319676973, 1.3113228319676973, 0.8052472978815685], [0.5952573104218539, 1.3748760092777146, 1.3748760092777146, 1.3113228319676973], [0.0, 0.4400011915356674, 0.4400011915356674, 0.0], [0.0, 0.22547805070412041, 0.22547805070412041, 0.0], [0.0, 0.4045480927872041, 0.4045480927872041, 0.22547805070412041], [0.0, 0.48777830151750706, 0.48777830151750706, 0.4045480927872041], [0.4400011915356674, 0.7295028028626336, 0.7295028028626336, 0.48777830151750706], [0.0, 0.5420176000409602, 0.5420176000409602, 0.0], [0.0, 0.7212438909108277, 0.7212438909108277, 0.0], [0.0, 0.9506682868225385, 0.9506682868225385, 0.7212438909108277], [0.5420176000409602, 1.0657475857207854, 1.0657475857207854, 0.9506682868225385], [0.0, 1.434443177813897, 1.434443177813897, 1.0657475857207854], [0.7295028028626336, 1.9739847117513303, 1.9739847117513303, 1.434443177813897], [1.3748760092777146, 2.571207498712274, 2.571207498712274, 1.9739847117513303], [0.0, 0.19138748195345193, 0.19138748195345193, 0.0], [0.0, 0.38648619563239756, 0.38648619563239756, 0.0], [0.0, 0.4537241005771567, 0.4537241005771567, 0.38648619563239756], [0.19138748195345193, 0.7070279531385394, 0.7070279531385394, 0.4537241005771567], [0.0, 0.4952596254017724, 0.4952596254017724, 0.0], [0.0, 0.9039666559117939, 0.9039666559117939, 0.4952596254017724], [0.7070279531385394, 1.3887754646608506, 1.3887754646608506, 0.9039666559117939], [0.0, 0.9278619702059562, 0.9278619702059562, 0.0], [0.0, 2.270374255456969, 2.270374255456969, 0.9278619702059562], [1.3887754646608506, 4.001184014614916, 4.001184014614916, 2.270374255456969], [2.571207498712274, 5.779713418630244, 5.779713418630244, 4.001184014614916], [4.644523593225201, 8.767245032670694, 8.767245032670694, 5.779713418630244], [4.224139561890774, 19.507465084651468, 19.507465084651468, 8.767245032670694]], "max_depth": 19.507465084651468, "n": 52}}